2,0.4,0.7,75.430990286,19.3579280097,
2,0.4,0.75,77.7504238697,62.5741800089,
2,0.4,0.8,75.4361971697,7.82784015761,
2,0.4,0.85,75.4785219038,31.6190176891,
2,0.4,0.9,65.8842860313,76.7824185452,
2,0.4,0.95,72.3094599082,71.4954316902,
2,0.45,0.75,75.6223951069,12.9990035197,
2,0.45,0.8,75.4525644323,9.91613487123,
2,0.45,0.85,75.8335997218,54.0934358616,
2,0.45,0.9,65.8842860313,76.7824185452,
2,0.45,0.95,88.2111456072,73.2567193888,
2,0.5,0.75,77.8817231246,62.3897334799,
2,0.5,0.8,75.4525644323,9.91613487123,
2,0.5,0.85,75.3837359542,0.0,
2,0.5,0.9,66.7974847898,76.319551692,
2,0.5,0.95,65.8999258259,76.4542225835,
2,0.55,0.75,77.1337185297,63.1786458553,
2,0.55,0.8,77.1955783143,63.9330819067,
2,0.55,0.85,77.7784959566,62.5821491678,
2,0.55,0.9,66.0758402399,77.674140886,
2,0.55,0.95,74.4674954487,70.386019841,
2,0.6,0.75,76.6389712293,64.1855620751,
2,0.6,0.8,75.4528196157,5.05033203468e-27,
2,0.6,0.85,75.4029210186,15.4882988182,
2,0.6,0.9,77.8372974571,66.178795981,
2,0.6,0.95,74.4674954487,70.386019841,
2,0.65,0.75,77.2540718779,63.5602747087,
2,0.65,0.8,75.5056326832,39.4818150738,
2,0.65,0.85,75.3730429063,12.0096929082,
2,0.65,0.9,76.5032908069,68.3430263196,
2,0.65,0.95,74.8692913713,69.6624777839,
2,0.7,0.8,75.6223951069,12.9990035197,
2,0.7,0.85,75.3888765136,0.0,
2,0.7,0.9,67.9196063987,77.2952592535,
2,0.7,0.95,66.2364804757,76.630890484,
2,0.75,0.8,75.4525644323,9.91613487123,
2,0.75,0.85,75.393229842,0.0,
2,0.75,0.9,77.7730236377,65.936981329,
2,0.75,0.95,66.7647316455,76.2279188961,
2,0.8,0.8,75.5041323402,48.6026004664,
2,0.8,0.85,75.3937809639,0.0,
2,0.8,0.9,75.3695181881,0.0,
2,0.8,0.95,66.3446958504,76.6283296152,
2,0.85,0.8,77.4732383871,63.7156960474,
2,0.85,0.85,75.3511754278,20.693261311,
2,0.85,0.9,75.3695181881,0.0,
2,0.85,0.95,75.4616459971,69.8537370335,
2,0.9,0.8,77.3077010436,63.8644037026,
2,0.9,0.85,76.446330556,59.4976509105,
2,0.9,0.9,75.3871171187,2.0000012891e-30,
2,0.9,0.95,77.5984359555,67.0251851498,
2,0.95,0.8,76.6389712293,64.1855620751,
2,0.95,0.85,75.478438446,31.3272099409,
2,0.95,0.9,75.393262468,5.00033389989e-27,
2,0.95,0.95,66.7974847898,76.319551692,
3,0.4,0.7,77.7168029945,62.7876258673,
3,0.4,0.7,77.7168029945,62.7876258673,8.48822288691,
3,0.4,0.75,76.9227414034,64.2941618338,
3,0.4,0.75,76.9227414034,64.2941618338,7.85492610971,
3,0.4,0.8,77.7502303376,62.7039485921,
3,0.4,0.8,77.7502303376,62.7039485921,17.5841772794,
3,0.4,0.85,65.8742822785,77.7727494817,
3,0.4,0.85,65.8742822785,77.7727494817,1.81530320793,
3,0.4,0.9,64.3692497837,70.2016296032,
3,0.4,0.9,64.3692497837,70.2016296032,74.5517175144,
3,0.4,0.95,53.3189880824,68.7250469532,
3,0.4,0.95,53.3189880824,68.7250469532,76.3518156278,
3,0.45,0.7,76.6441530196,64.8009397855,
3,0.45,0.7,76.6441530196,64.8009397855,9.79021467686,
3,0.45,0.75,75.491018537,40.5055084206,
3,0.45,0.75,75.491018537,40.5055084206,0.0,
3,0.45,0.8,75.402885363,3.87207470454,
3,0.45,0.8,75.402885363,3.87207470454,0.0,
3,0.45,0.85,66.7074886165,76.8676852623,
3,0.45,0.85,66.7074886165,76.8676852623,1.81530320793,
3,0.45,0.9,66.5409717585,68.2900327151,
3,0.45,0.9,66.5409717585,68.2900327151,75.4124940804,
3,0.45,0.95,53.3189880824,68.7250469532,
3,0.45,0.95,53.3189880824,68.7250469532,76.3518156278,
3,0.5,0.7,76.6441530196,64.8009397855,
3,0.5,0.7,76.6441530196,64.8009397855,9.79021467686,
3,0.5,0.75,75.491018537,40.5055084206,
3,0.5,0.75,75.491018537,40.5055084206,0.0,
3,0.5,0.8,75.4049457166,0.0,
3,0.5,0.8,75.4049457166,0.0,0.0,
3,0.5,0.85,66.7074886165,76.8676852623,
3,0.5,0.85,66.7074886165,76.8676852623,1.81530320793,
3,0.5,0.9,66.5409717585,68.2900327151,
3,0.5,0.9,66.5409717585,68.2900327151,75.4124940804,
3,0.5,0.95,53.3189880824,68.7250469532,
3,0.5,0.95,53.3189880824,68.7250469532,76.3518156278,
3,0.55,0.7,77.3659718072,63.7509621742,
3,0.55,0.7,77.3659718072,63.7509621742,8.24260239016,
3,0.55,0.75,77.7907249253,62.7101353632,
3,0.55,0.75,77.7907249253,62.7101353632,0.0,
3,0.55,0.8,75.4402244109,0.103040967136,
3,0.55,0.8,75.4402244109,0.103040967136,0.0,
3,0.55,0.85,75.3812332282,0.169181787016,
3,0.55,0.85,75.3812332282,0.169181787016,0.0,
3,0.55,0.9,65.6518136114,69.1479871571,
3,0.55,0.9,65.6518136114,69.1479871571,75.5432906873,
3,0.55,0.95,63.0161431942,68.7793969389,
3,0.55,0.95,63.0161431942,68.7793969389,75.9047271087,
3,0.6,0.7,75.430962731,4.83948200244,
3,0.6,0.7,75.430962731,4.83948200244,0.0,
3,0.6,0.75,77.7907249253,62.7101353632,
3,0.6,0.75,77.7907249253,62.7101353632,0.0,
3,0.6,0.8,77.617369196,62.2915490811,
3,0.6,0.8,77.617369196,62.2915490811,24.4822040095,
3,0.6,0.85,75.4785973376,31.0026787009,
3,0.6,0.85,75.4785973376,31.0026787009,0.0,
3,0.6,0.9,61.1962697259,72.0710337073,
3,0.6,0.9,61.1962697259,72.0710337073,74.5416994007,
3,0.6,0.95,67.3678460295,67.4131335039,
3,0.6,0.95,67.3678460295,67.4131335039,83.7070097787,
3,0.65,0.75,75.6222316148,12.8372404642,
3,0.65,0.75,75.6222316148,12.8372404642,0.0,
3,0.65,0.8,75.4525340633,2.47903371781,
3,0.65,0.8,75.4525340633,2.47903371781,0.0,
3,0.65,0.85,75.4029618503,37.6285581245,
3,0.65,0.85,75.4029618503,37.6285581245,0.0,
3,0.65,0.9,61.1962697259,72.0710337073,
3,0.65,0.9,61.1962697259,72.0710337073,74.5416994007,
3,0.65,0.95,51.6026817283,69.7534509084,
3,0.65,0.95,51.6026817283,69.7534509084,75.0704357044,
3,0.7,0.75,75.6222316148,13.1923226974,
3,0.7,0.75,75.6222316148,13.1923226974,4.99894914156e-27,
3,0.7,0.8,75.4525340633,2.47903371781,
3,0.7,0.8,75.4525340633,2.47903371781,0.0,
3,0.7,0.85,75.3836854105,0.0,
3,0.7,0.85,75.3836854105,0.0,0.0,
3,0.7,0.9,61.1962697259,72.0710337073,
3,0.7,0.9,61.1962697259,72.0710337073,74.5416994007,
3,0.7,0.95,51.6026817283,69.7534509084,
3,0.7,0.95,51.6026817283,69.7534509084,75.0704357044,
3,0.75,0.75,77.7168029945,62.7876258673,
3,0.75,0.75,77.7168029945,62.7876258673,8.48822288691,
3,0.75,0.8,75.4525340633,2.47903371781,
3,0.75,0.8,75.4525340633,2.47903371781,0.0,
3,0.75,0.85,75.3836854105,0.0,
3,0.75,0.85,75.3836854105,0.0,0.0,
3,0.75,0.9,65.3290262128,70.056541078,
3,0.75,0.9,65.3290262128,70.056541078,74.5347780553,
3,0.75,0.95,77.0906199422,68.048518865,
3,0.75,0.95,77.0906199422,68.048518865,76.1606736125,
3,0.8,0.75,78.5597197631,56.0718565258,
3,0.8,0.75,78.5597197631,56.0718565258,60.400390897,
3,0.8,0.8,75.4456527445,0.178574142603,
3,0.8,0.8,75.4456527445,0.178574142603,0.0,
3,0.8,0.85,75.3903930058,1.82291892307,
3,0.8,0.85,75.3903930058,1.82291892307,0.0,
3,0.8,0.9,67.7736585757,76.5521310933,
3,0.8,0.9,67.7736585757,76.5521310933,1.81530320793,
3,0.8,0.95,77.0906199422,68.048518865,
3,0.8,0.95,77.0906199422,68.048518865,76.1606736125,
3,0.85,0.75,75.4823792194,48.5725740599,
3,0.85,0.75,75.4823792194,48.5725740599,0.0,
3,0.85,0.8,75.4527820746,9.99962695802e-29,
3,0.85,0.8,75.4527820746,9.99962695802e-29,0.0,
3,0.85,0.85,75.3784873291,0.0,
3,0.85,0.85,75.3784873291,0.0,-1.0,
3,0.85,0.9,65.8742822785,77.7727494817,
3,0.85,0.9,65.8742822785,77.7727494817,1.81530320793,
3,0.85,0.95,69.401833208,67.1494336714,
3,0.85,0.95,69.401833208,67.1494336714,83.5324658521,
3,0.9,0.75,76.6441530196,64.8009397855,
3,0.9,0.75,76.6441530196,64.8009397855,9.79021467686,
3,0.9,0.8,75.4527820746,9.99962695802e-29,
3,0.9,0.8,75.4527820746,9.99962695802e-29,0.0,
3,0.9,0.85,75.402885363,3.87207470454,
3,0.9,0.85,75.402885363,3.87207470454,0.0,
3,0.9,0.9,77.5477103754,66.4475027875,
3,0.9,0.9,77.5477103754,66.4475027875,1.81530320793,
3,0.9,0.95,69.401833208,67.1494336714,
3,0.9,0.95,69.401833208,67.1494336714,83.5324658521,
3,0.95,0.75,77.5920131882,62.2589738594,
3,0.95,0.75,77.5920131882,62.2589738594,0.0,
3,0.95,0.8,75.491018537,40.5055084206,
3,0.95,0.8,75.491018537,40.5055084206,0.0,
3,0.95,0.85,76.3479121806,59.9457578144,
3,0.95,0.85,76.3479121806,59.9457578144,19.7172562975,
3,0.95,0.9,77.5477103754,66.4475027875,
3,0.95,0.9,77.5477103754,66.4475027875,1.81530320793,
3,0.95,0.95,66.4095728593,68.5521496879,
3,0.95,0.95,66.4095728593,68.5521496879,76.1752259446,
4,0.4,0.65,77.3659718072,63.7381468051,
4,0.4,0.65,77.3659718072,63.7381468051,0.671790636219,
4,0.4,0.65,77.3659718072,63.7381468051,0.671790636219,21.7375743117,
4,0.4,0.7,77.7549679065,62.683364488,
4,0.4,0.7,77.7549679065,62.683364488,0.0,
4,0.4,0.7,77.7549679065,62.683364488,0.0,-1.0,
4,0.4,0.75,75.6442018877,55.0604911713,
4,0.4,0.75,75.6442018877,55.0604911713,13.6711553211,
4,0.4,0.75,75.6442018877,55.0604911713,13.6711553211,0.0,
4,0.4,0.8,63.818738371,76.9915967289,
4,0.4,0.8,63.818738371,76.9915967289,0.270045105312,
4,0.4,0.8,63.818738371,76.9915967289,0.270045105312,1.52021032327e-24,
4,0.4,0.85,68.6093096548,75.1459915558,
4,0.4,0.85,68.6093096548,75.1459915558,0.270045105312,
4,0.4,0.85,68.6093096548,75.1459915558,0.270045105312,1.52021032327e-24,
4,0.4,0.9,48.1633558077,69.6985391442,
4,0.4,0.9,48.1633558077,69.6985391442,75.6786475324,
4,0.4,0.9,48.1633558077,69.6985391442,75.6786475324,5.04895297969e-27,
4,0.4,0.95,73.3125487608,64.5358601009,
4,0.4,0.95,73.3125487608,64.5358601009,67.5804900461,
4,0.4,0.95,73.3125487608,64.5358601009,67.5804900461,93.2555484337,
4,0.45,0.7,77.5140207794,63.7559336931,
4,0.45,0.7,77.5140207794,63.7559336931,0.0,
4,0.45,0.7,77.5140207794,63.7559336931,0.0,-1.0,
4,0.45,0.75,75.4525340633,2.47903371781,
4,0.45,0.75,75.4525340633,2.47903371781,0.0,
4,0.45,0.75,75.4525340633,2.47903371781,0.0,-1.0,
4,0.45,0.8,75.3903930058,1.82291892307,
4,0.45,0.8,75.3903930058,1.82291892307,0.0,
4,0.45,0.8,75.3903930058,1.82291892307,0.0,-1.0,
4,0.45,0.85,65.8742822785,77.7727494817,
4,0.45,0.85,65.8742822785,77.7727494817,0.193345903802,
4,0.45,0.85,65.8742822785,77.7727494817,0.193345903802,1.52021032327e-24,
4,0.45,0.9,69.2837895003,66.7594029531,
4,0.45,0.9,69.2837895003,66.7594029531,84.9522193316,
4,0.45,0.9,69.2837895003,66.7594029531,84.9522193316,5.04895297969e-27,
4,0.45,0.95,62.3310120815,66.3541397721,
4,0.45,0.95,62.3310120815,66.3541397721,71.2778031413,
4,0.45,0.95,62.3310120815,66.3541397721,71.2778031413,88.5145445793,
4,0.5,0.7,77.5140207794,63.7559336931,
4,0.5,0.7,77.5140207794,63.7559336931,0.0,
4,0.5,0.7,77.5140207794,63.7559336931,0.0,-1.0,
4,0.5,0.75,75.4456527445,0.178574142603,
4,0.5,0.75,75.4456527445,0.178574142603,0.0,
4,0.5,0.75,75.4456527445,0.178574142603,0.0,-1.0,
4,0.5,0.8,77.7502303376,62.7039485921,
4,0.5,0.8,77.7502303376,62.7039485921,26.848836536,
4,0.5,0.8,77.7502303376,62.7039485921,26.848836536,0.0,
4,0.5,0.85,65.8742822785,77.7727494817,
4,0.5,0.85,65.8742822785,77.7727494817,0.193345903802,
4,0.5,0.85,65.8742822785,77.7727494817,0.193345903802,1.52021032327e-24,
4,0.5,0.9,64.3692497837,70.187429356,
4,0.5,0.9,64.3692497837,70.187429356,74.4770631751,
4,0.5,0.9,64.3692497837,70.187429356,74.4770631751,5.04895297969e-27,
4,0.5,0.95,71.188656255,64.708664835,
4,0.5,0.95,71.188656255,64.708664835,68.5894594212,
4,0.5,0.95,71.188656255,64.708664835,68.5894594212,92.7822985113,
4,0.55,0.7,77.7168029945,62.882603909,
4,0.55,0.7,77.7168029945,62.882603909,12.4075769603,
4,0.55,0.7,77.7168029945,62.882603909,12.4075769603,0.0,
4,0.55,0.75,76.9227414034,64.2941618338,
4,0.55,0.75,76.9227414034,64.2941618338,0.780615638987,
4,0.55,0.75,76.9227414034,64.2941618338,0.780615638987,0.0,
4,0.55,0.8,75.402885363,3.87207470454,
4,0.55,0.8,75.402885363,3.87207470454,0.0,
4,0.55,0.8,75.402885363,3.87207470454,0.0,-1.0,
4,0.55,0.85,66.7074886165,76.8676852623,
4,0.55,0.85,66.7074886165,76.8676852623,0.193345903802,
4,0.55,0.85,66.7074886165,76.8676852623,0.193345903802,1.52021032327e-24,
4,0.55,0.9,64.3692497837,70.187429356,
4,0.55,0.9,64.3692497837,70.187429356,74.4770631751,
4,0.55,0.9,64.3692497837,70.187429356,74.4770631751,5.04895297969e-27,
4,0.55,0.95,48.3441249672,66.9808264183,
4,0.55,0.95,48.3441249672,66.9808264183,71.2585477111,
4,0.55,0.95,48.3441249672,66.9808264183,71.2585477111,89.7885223042,
4,0.6,0.7,76.6441530196,64.8009397855,
4,0.6,0.7,76.6441530196,64.8009397855,9.98783654426,
4,0.6,0.7,76.6441530196,64.8009397855,9.98783654426,0.0,
4,0.6,0.75,75.491018537,40.5055084206,
4,0.6,0.75,75.491018537,40.5055084206,-1.0,
4,0.6,0.75,75.491018537,40.5055084206,-1.0,0.0,
4,0.6,0.8,75.402885363,3.87207470454,
4,0.6,0.8,75.402885363,3.87207470454,0.0,
4,0.6,0.8,75.402885363,3.87207470454,0.0,-1.0,
4,0.6,0.85,66.7074886165,76.8676852623,
4,0.6,0.85,66.7074886165,76.8676852623,0.193345903802,
4,0.6,0.85,66.7074886165,76.8676852623,0.193345903802,1.52021032327e-24,
4,0.6,0.9,66.5440595236,68.2920416332,
4,0.6,0.9,66.5440595236,68.2920416332,75.3107444548,
4,0.6,0.9,66.5440595236,68.2920416332,75.3107444548,5.04895297969e-27,
4,0.6,0.95,48.3441249672,66.9808264183,
4,0.6,0.95,48.3441249672,66.9808264183,71.2585477111,
4,0.6,0.95,48.3441249672,66.9808264183,71.2585477111,89.7885223042,
4,0.65,0.7,76.6441530196,64.8009397855,
4,0.65,0.7,76.6441530196,64.8009397855,9.98783654426,
4,0.65,0.7,76.6441530196,64.8009397855,9.98783654426,0.0,
4,0.65,0.75,75.491018537,40.5055084206,
4,0.65,0.75,75.491018537,40.5055084206,-1.0,
4,0.65,0.75,75.491018537,40.5055084206,-1.0,0.0,
4,0.65,0.8,75.4049457166,0.0,
4,0.65,0.8,75.4049457166,0.0,0.0,
4,0.65,0.8,75.4049457166,0.0,0.0,-1.0,
4,0.65,0.85,66.7074886165,76.8676852623,
4,0.65,0.85,66.7074886165,76.8676852623,0.193345903802,
4,0.65,0.85,66.7074886165,76.8676852623,0.193345903802,1.52021032327e-24,
4,0.65,0.9,66.5440595236,68.2920416332,
4,0.65,0.9,66.5440595236,68.2920416332,75.3107444548,
4,0.65,0.9,66.5440595236,68.2920416332,75.3107444548,5.04895297969e-27,
4,0.65,0.95,48.3441249672,66.9808264183,
4,0.65,0.95,48.3441249672,66.9808264183,71.2585477111,
4,0.65,0.95,48.3441249672,66.9808264183,71.2585477111,89.7885223042,
4,0.7,0.7,76.6441530196,64.8009397855,
4,0.7,0.7,76.6441530196,64.8009397855,9.98783654426,
4,0.7,0.7,76.6441530196,64.8009397855,9.98783654426,0.0,
4,0.7,0.75,75.491018537,40.5055084206,
4,0.7,0.75,75.491018537,40.5055084206,-1.0,
4,0.7,0.75,75.491018537,40.5055084206,-1.0,0.0,
4,0.7,0.8,76.3097633587,58.9733527957,
4,0.7,0.8,76.3097633587,58.9733527957,-1.0,
4,0.7,0.8,76.3097633587,58.9733527957,-1.0,0.0,
4,0.7,0.85,67.8975913002,77.3004024385,
4,0.7,0.85,67.8975913002,77.3004024385,0.145224256633,
4,0.7,0.85,67.8975913002,77.3004024385,0.145224256633,1.52021032327e-24,
4,0.7,0.9,65.03443347,70.0047854533,
4,0.7,0.9,65.03443347,70.0047854533,74.390796025,
4,0.7,0.9,65.03443347,70.0047854533,74.390796025,5.04895297969e-27,
4,0.7,0.95,63.0035724884,68.7796821599,
4,0.7,0.95,63.0035724884,68.7796821599,75.8077273969,
4,0.7,0.95,63.0035724884,68.7796821599,75.8077273969,5.04895297969e-27,
4,0.75,0.7,77.3659718072,63.7381468051,
4,0.75,0.7,77.3659718072,63.7381468051,0.671790636219,
4,0.75,0.7,77.3659718072,63.7381468051,0.671790636219,21.7375743117,
4,0.75,0.75,77.7549679065,62.683364488,
4,0.75,0.75,77.7549679065,62.683364488,0.0,
4,0.75,0.75,77.7549679065,62.683364488,0.0,-1.0,
4,0.75,0.8,75.3906876861,0.0,
4,0.75,0.8,75.3906876861,0.0,-1.0,
4,0.75,0.8,75.3906876861,0.0,-1.0,-1.0,
4,0.75,0.85,75.3812332282,0.169181787016,
4,0.75,0.85,75.3812332282,0.169181787016,0.0,
4,0.75,0.85,75.3812332282,0.169181787016,0.0,-1.0,
4,0.75,0.9,64.4091156125,69.7484419907,
4,0.75,0.9,64.4091156125,69.7484419907,75.4200880662,
4,0.75,0.9,64.4091156125,69.7484419907,75.4200880662,5.04895297969e-27,
4,0.75,0.95,67.3528206365,67.0583439357,
4,0.75,0.95,67.3528206365,67.0583439357,84.4589590906,
4,0.75,0.95,67.3528206365,67.0583439357,84.4589590906,5.04895297969e-27,
4,0.8,0.7,75.430962731,4.83948200244,
4,0.8,0.7,75.430962731,4.83948200244,0.0,
4,0.8,0.7,75.430962731,4.83948200244,0.0,-1.0,
4,0.8,0.75,77.7549679065,62.683364488,
4,0.8,0.75,77.7549679065,62.683364488,0.0,
4,0.8,0.75,77.7549679065,62.683364488,0.0,-1.0,
4,0.8,0.8,77.1166128597,64.2270596512,
4,0.8,0.8,77.1166128597,64.2270596512,5.15285549644,
4,0.8,0.8,77.1166128597,64.2270596512,5.15285549644,7.87415873842,
4,0.8,0.85,75.4785973376,31.0026787009,
4,0.8,0.85,75.4785973376,31.0026787009,0.0,
4,0.8,0.85,75.4785973376,31.0026787009,0.0,-1.0,
4,0.8,0.9,61.2475225943,72.0599175571,
4,0.8,0.9,61.2475225943,72.0599175571,74.4558268489,
4,0.8,0.9,61.2475225943,72.0599175571,74.4558268489,5.04895297969e-27,
4,0.8,0.95,67.3528206365,67.0583439357,
4,0.8,0.95,67.3528206365,67.0583439357,84.4589590906,
4,0.8,0.95,67.3528206365,67.0583439357,84.4589590906,5.04895297969e-27,
4,0.85,0.75,75.5041323402,49.307849811,
4,0.85,0.75,75.5041323402,49.307849811,11.2946338755,
4,0.85,0.75,75.5041323402,49.307849811,11.2946338755,0.0,
4,0.85,0.8,77.1166128597,64.2270596512,
4,0.85,0.8,77.1166128597,64.2270596512,5.15285549644,
4,0.85,0.8,77.1166128597,64.2270596512,5.15285549644,7.87415873842,
4,0.85,0.85,75.4029618503,37.6285581245,
4,0.85,0.85,75.4029618503,37.6285581245,-1.0,
4,0.85,0.85,75.4029618503,37.6285581245,-1.0,0.0,
4,0.85,0.9,61.2475225943,72.0599175571,
4,0.85,0.9,61.2475225943,72.0599175571,74.4558268489,
4,0.85,0.9,61.2475225943,72.0599175571,74.4558268489,5.04895297969e-27,
4,0.85,0.95,61.64437535,69.0959808023,
4,0.85,0.95,61.64437535,69.0959808023,75.5469828162,
4,0.85,0.95,61.64437535,69.0959808023,75.5469828162,5.04895297969e-27,
4,0.9,0.75,75.622155792,12.9002417829,
4,0.9,0.75,75.622155792,12.9002417829,7.29001200241e-34,
4,0.9,0.75,75.622155792,12.9002417829,7.29001200241e-34,0.0,
4,0.9,0.8,75.4525340633,2.47903371781,
4,0.9,0.8,75.4525340633,2.47903371781,0.0,
4,0.9,0.8,75.4525340633,2.47903371781,0.0,-1.0,
4,0.9,0.85,75.4029618503,37.6285581245,
4,0.9,0.85,75.4029618503,37.6285581245,-1.0,
4,0.9,0.85,75.4029618503,37.6285581245,-1.0,0.0,
4,0.9,0.9,61.2475225943,72.0599175571,
4,0.9,0.9,61.2475225943,72.0599175571,74.4558268489,
4,0.9,0.9,61.2475225943,72.0599175571,74.4558268489,5.04895297969e-27,
4,0.9,0.95,48.1633558077,69.6985391442,
4,0.9,0.95,48.1633558077,69.6985391442,75.6786475324,
4,0.9,0.95,48.1633558077,69.6985391442,75.6786475324,5.04895297969e-27,
4,0.95,0.75,77.5140207794,63.7559336931,
4,0.95,0.75,77.5140207794,63.7559336931,0.0,
4,0.95,0.75,77.5140207794,63.7559336931,0.0,-1.0,
4,0.95,0.8,75.4525340633,2.47903371781,
4,0.95,0.8,75.4525340633,2.47903371781,0.0,
4,0.95,0.8,75.4525340633,2.47903371781,0.0,-1.0,
4,0.95,0.85,75.3836854105,0.0,
4,0.95,0.85,75.3836854105,0.0,0.0,
4,0.95,0.85,75.3836854105,0.0,0.0,-1.0,
4,0.95,0.9,61.2475225943,72.0599175571,
4,0.95,0.9,61.2475225943,72.0599175571,74.4558268489,
4,0.95,0.9,61.2475225943,72.0599175571,74.4558268489,5.04895297969e-27,
4,0.95,0.95,77.0906199422,68.0491045258,
4,0.95,0.95,77.0906199422,68.0491045258,76.0932860064,
4,0.95,0.95,77.0906199422,68.0491045258,76.0932860064,5.04895297969e-27,
5,0.4,0.65,77.3659718072,63.7381468051,
5,0.4,0.65,77.3659718072,63.7381468051,0.671790636219,
5,0.4,0.65,77.3659718072,63.7381468051,0.671790636219,29.1320654024,
5,0.4,0.65,77.3659718072,63.7381468051,0.671790636219,29.1320654024,0.0,
5,0.4,0.7,75.491018537,40.5055084206,
5,0.4,0.7,75.491018537,40.5055084206,-1.0,
5,0.4,0.7,75.491018537,40.5055084206,-1.0,0.0,
5,0.4,0.7,75.491018537,40.5055084206,-1.0,0.0,-1.0,
5,0.4,0.75,65.4609972535,0.0,
5,0.4,0.75,65.4609972535,0.0,-1.0,
5,0.4,0.75,65.4609972535,0.0,-1.0,-1.0,
5,0.4,0.75,65.4609972535,0.0,-1.0,-1.0,78.204595907,
5,0.4,0.8,0.100998487267,65.2114336002,
5,0.4,0.8,0.100998487267,65.2114336002,0.090513733358,
5,0.4,0.8,0.100998487267,65.2114336002,0.090513733358,1.52021032327e-24,
5,0.4,0.8,0.100998487267,65.2114336002,0.090513733358,1.52021032327e-24,77.9055589446,
5,0.4,0.85,56.9974693111,69.0278864926,
5,0.4,0.85,56.9974693111,69.0278864926,80.5091802065,
5,0.4,0.85,56.9974693111,69.0278864926,80.5091802065,5.04895297969e-27,
5,0.4,0.85,56.9974693111,69.0278864926,80.5091802065,5.04895297969e-27,73.419085806,
5,0.4,0.9,33.6366924942,64.5299466547,
5,0.4,0.9,33.6366924942,64.5299466547,80.4608806196,
5,0.4,0.9,33.6366924942,64.5299466547,80.4608806196,5.04895297969e-27,
5,0.4,0.9,33.6366924942,64.5299466547,80.4608806196,5.04895297969e-27,74.0559819277,
5,0.4,0.95,69.8669560452,63.567246613,
5,0.4,0.95,69.8669560452,63.567246613,73.542054275,
5,0.4,0.95,69.8669560452,63.567246613,73.542054275,46.3113583153,
5,0.4,0.95,69.8669560452,63.567246613,73.542054275,46.3113583153,72.3518765152,
5,0.45,0.65,77.3659718072,63.7381468051,
5,0.45,0.65,77.3659718072,63.7381468051,0.671790636219,
5,0.45,0.65,77.3659718072,63.7381468051,0.671790636219,29.1320654024,
5,0.45,0.65,77.3659718072,63.7381468051,0.671790636219,29.1320654024,0.0,
5,0.45,0.7,77.7907249253,62.7101353632,
5,0.45,0.7,77.7907249253,62.7101353632,-1.0,
5,0.45,0.7,77.7907249253,62.7101353632,-1.0,0.0,
5,0.45,0.7,77.7907249253,62.7101353632,-1.0,0.0,-1.0,
5,0.45,0.75,65.4609972535,0.0,
5,0.45,0.75,65.4609972535,0.0,-1.0,
5,0.45,0.75,65.4609972535,0.0,-1.0,-1.0,
5,0.45,0.75,65.4609972535,0.0,-1.0,-1.0,78.204595907,
5,0.45,0.8,0.100998487267,65.2114336002,
5,0.45,0.8,0.100998487267,65.2114336002,0.090513733358,
5,0.45,0.8,0.100998487267,65.2114336002,0.090513733358,1.52021032327e-24,
5,0.45,0.8,0.100998487267,65.2114336002,0.090513733358,1.52021032327e-24,77.9055589446,
5,0.45,0.85,56.9974693111,69.0278864926,
5,0.45,0.85,56.9974693111,69.0278864926,80.5091802065,
5,0.45,0.85,56.9974693111,69.0278864926,80.5091802065,5.04895297969e-27,
5,0.45,0.85,56.9974693111,69.0278864926,80.5091802065,5.04895297969e-27,73.419085806,
5,0.45,0.9,20.1983773548,64.8083972283,
5,0.45,0.9,20.1983773548,64.8083972283,80.3745180968,
5,0.45,0.9,20.1983773548,64.8083972283,80.3745180968,5.04895297969e-27,
5,0.45,0.9,20.1983773548,64.8083972283,80.3745180968,5.04895297969e-27,74.2095011757,
5,0.45,0.95,69.8669560452,63.567246613,
5,0.45,0.95,69.8669560452,63.567246613,73.542054275,
5,0.45,0.95,69.8669560452,63.567246613,73.542054275,46.3113583153,
5,0.45,0.95,69.8669560452,63.567246613,73.542054275,46.3113583153,72.3518765152,
5,0.5,0.65,77.3659718072,63.7381468051,
5,0.5,0.65,77.3659718072,63.7381468051,0.671790636219,
5,0.5,0.65,77.3659718072,63.7381468051,0.671790636219,29.1320654024,
5,0.5,0.65,77.3659718072,63.7381468051,0.671790636219,29.1320654024,0.0,
5,0.5,0.7,77.7907249253,62.7101353632,
5,0.5,0.7,77.7907249253,62.7101353632,-1.0,
5,0.5,0.7,77.7907249253,62.7101353632,-1.0,0.0,
5,0.5,0.7,77.7907249253,62.7101353632,-1.0,0.0,-1.0,
5,0.5,0.75,75.5187881407,59.1194485494,
5,0.5,0.75,75.5187881407,59.1194485494,13.4717699964,
5,0.5,0.75,75.5187881407,59.1194485494,13.4717699964,19.2001748185,
5,0.5,0.75,75.5187881407,59.1194485494,13.4717699964,19.2001748185,0.0,
5,0.5,0.8,0.100998487267,65.2114336002,
5,0.5,0.8,0.100998487267,65.2114336002,0.090513733358,
5,0.5,0.8,0.100998487267,65.2114336002,0.090513733358,1.52021032327e-24,
5,0.5,0.8,0.100998487267,65.2114336002,0.090513733358,1.52021032327e-24,77.9055589446,
5,0.5,0.85,72.8098351313,61.7579916998,
5,0.5,0.85,72.8098351313,61.7579916998,0.127638506808,
5,0.5,0.85,72.8098351313,61.7579916998,0.127638506808,1.52021032327e-24,
5,0.5,0.85,72.8098351313,61.7579916998,0.127638506808,1.52021032327e-24,76.242349418,
5,0.5,0.9,20.1983773548,64.8083972283,
5,0.5,0.9,20.1983773548,64.8083972283,80.3745180968,
5,0.5,0.9,20.1983773548,64.8083972283,80.3745180968,5.04895297969e-27,
5,0.5,0.9,20.1983773548,64.8083972283,80.3745180968,5.04895297969e-27,74.2095011757,
5,0.5,0.95,69.4958282587,63.6783523458,
5,0.5,0.95,69.4958282587,63.6783523458,73.9967171384,
5,0.5,0.95,69.4958282587,63.6783523458,73.9967171384,46.3113583153,
5,0.5,0.95,69.4958282587,63.6783523458,73.9967171384,46.3113583153,72.0752651419,
5,0.55,0.7,77.4793474433,63.8834913126,
5,0.55,0.7,77.4793474433,63.8834913126,-1.0,
5,0.55,0.7,77.4793474433,63.8834913126,-1.0,0.0,
5,0.55,0.7,77.4793474433,63.8834913126,-1.0,0.0,-1.0,
5,0.55,0.75,75.4525340633,2.47903371781,
5,0.55,0.75,75.4525340633,2.47903371781,0.0,
5,0.55,0.75,75.4525340633,2.47903371781,0.0,-1.0,
5,0.55,0.75,75.4525340633,2.47903371781,0.0,-1.0,-1.0,
5,0.55,0.8,64.3534397939,0.0900206875578,
5,0.55,0.8,64.3534397939,0.0900206875578,0.0,
5,0.55,0.8,64.3534397939,0.0900206875578,0.0,-1.0,
5,0.55,0.8,64.3534397939,0.0900206875578,0.0,-1.0,77.3678465606,
5,0.55,0.85,61.6660325384,64.3828067173,
5,0.55,0.85,61.6660325384,64.3828067173,0.127638506808,
5,0.55,0.85,61.6660325384,64.3828067173,0.127638506808,1.52021032327e-24,
5,0.55,0.85,61.6660325384,64.3828067173,0.127638506808,1.52021032327e-24,77.9550418437,
5,0.55,0.9,69.4964714789,66.484005151,
5,0.55,0.9,69.4964714789,66.484005151,72.5313640551,
5,0.55,0.9,69.4964714789,66.484005151,72.5313640551,5.04895297969e-27,
5,0.55,0.9,69.4964714789,66.484005151,72.5313640551,5.04895297969e-27,68.876966703,
5,0.55,0.95,75.728778761,65.0220821501,
5,0.55,0.95,75.728778761,65.0220821501,78.7861345163,
5,0.55,0.95,75.728778761,65.0220821501,78.7861345163,46.3113583153,
5,0.55,0.95,75.728778761,65.0220821501,78.7861345163,46.3113583153,72.0928035779,
5,0.6,0.7,77.4793474433,63.8834913126,
5,0.6,0.7,77.4793474433,63.8834913126,-1.0,
5,0.6,0.7,77.4793474433,63.8834913126,-1.0,0.0,
5,0.6,0.7,77.4793474433,63.8834913126,-1.0,0.0,-1.0,
5,0.6,0.75,75.4456527445,0.178574142603,
5,0.6,0.75,75.4456527445,0.178574142603,0.0,
5,0.6,0.75,75.4456527445,0.178574142603,0.0,-1.0,
5,0.6,0.75,75.4456527445,0.178574142603,0.0,-1.0,-1.0,
5,0.6,0.8,64.3534397939,0.0900206875578,
5,0.6,0.8,64.3534397939,0.0900206875578,0.0,
5,0.6,0.8,64.3534397939,0.0900206875578,0.0,-1.0,
5,0.6,0.8,64.3534397939,0.0900206875578,0.0,-1.0,77.3678465606,
5,0.6,0.85,61.6660325384,64.3828067173,
5,0.6,0.85,61.6660325384,64.3828067173,0.127638506808,
5,0.6,0.85,61.6660325384,64.3828067173,0.127638506808,1.52021032327e-24,
5,0.6,0.85,61.6660325384,64.3828067173,0.127638506808,1.52021032327e-24,77.9550418437,
5,0.6,0.9,69.4964714789,66.484005151,
5,0.6,0.9,69.4964714789,66.484005151,72.5313640551,
5,0.6,0.9,69.4964714789,66.484005151,72.5313640551,5.04895297969e-27,
5,0.6,0.9,69.4964714789,66.484005151,72.5313640551,5.04895297969e-27,68.876966703,
5,0.6,0.95,67.8015998735,63.8694996631,
5,0.6,0.95,67.8015998735,63.8694996631,73.9492533303,
5,0.6,0.95,67.8015998735,63.8694996631,73.9492533303,46.3113583153,
5,0.6,0.95,67.8015998735,63.8694996631,73.9492533303,46.3113583153,72.1778989733,
5,0.65,0.7,77.7168029945,62.882603909,
5,0.65,0.7,77.7168029945,62.882603909,12.4075769603,
5,0.65,0.7,77.7168029945,62.882603909,12.4075769603,-1.0,
5,0.65,0.7,77.7168029945,62.882603909,12.4075769603,-1.0,0.0,
5,0.65,0.75,75.4456527445,0.178574142603,
5,0.65,0.75,75.4456527445,0.178574142603,0.0,
5,0.65,0.75,75.4456527445,0.178574142603,0.0,-1.0,
5,0.65,0.75,75.4456527445,0.178574142603,0.0,-1.0,-1.0,
5,0.65,0.8,65.0249144842,18.2765358408,
5,0.65,0.8,65.0249144842,18.2765358408,0.0,
5,0.65,0.8,65.0249144842,18.2765358408,0.0,-1.0,
5,0.65,0.8,65.0249144842,18.2765358408,0.0,-1.0,77.2888262987,
5,0.65,0.85,61.6660325384,64.3828067173,
5,0.65,0.85,61.6660325384,64.3828067173,0.127638506808,
5,0.65,0.85,61.6660325384,64.3828067173,0.127638506808,1.52021032327e-24,
5,0.65,0.85,61.6660325384,64.3828067173,0.127638506808,1.52021032327e-24,77.9550418437,
5,0.65,0.9,59.0210991032,63.9061343814,
5,0.65,0.9,59.0210991032,63.9061343814,80.4170718255,
5,0.65,0.9,59.0210991032,63.9061343814,80.4170718255,5.04895297969e-27,
5,0.65,0.9,59.0210991032,63.9061343814,80.4170718255,5.04895297969e-27,74.2144843907,
5,0.65,0.95,48.3758932273,64.9585966341,
5,0.65,0.95,48.3758932273,64.9585966341,80.1290636144,
5,0.65,0.95,48.3758932273,64.9585966341,80.1290636144,46.3113583153,
5,0.65,0.95,48.3758932273,64.9585966341,80.1290636144,46.3113583153,73.1671156684,
5,0.7,0.7,77.7168029945,62.882603909,
5,0.7,0.7,77.7168029945,62.882603909,12.4075769603,
5,0.7,0.7,77.7168029945,62.882603909,12.4075769603,-1.0,
5,0.7,0.7,77.7168029945,62.882603909,12.4075769603,-1.0,0.0,
5,0.7,0.75,75.491018537,40.5055084206,
5,0.7,0.75,75.491018537,40.5055084206,-1.0,
5,0.7,0.75,75.491018537,40.5055084206,-1.0,0.0,
5,0.7,0.75,75.491018537,40.5055084206,-1.0,0.0,-1.0,
5,0.7,0.8,65.9068734107,-1.0,
5,0.7,0.8,65.9068734107,-1.0,-1.0,
5,0.7,0.8,65.9068734107,-1.0,-1.0,0.0,
5,0.7,0.8,65.9068734107,-1.0,-1.0,0.0,77.4729838904,
5,0.7,0.85,65.05472115,63.4230941216,
5,0.7,0.85,65.05472115,63.4230941216,0.113063867623,
5,0.7,0.85,65.05472115,63.4230941216,0.113063867623,1.52021032327e-24,
5,0.7,0.85,65.05472115,63.4230941216,0.113063867623,1.52021032327e-24,76.880004639,
5,0.7,0.9,59.0210991032,63.9061343814,
5,0.7,0.9,59.0210991032,63.9061343814,80.4170718255,
5,0.7,0.9,59.0210991032,63.9061343814,80.4170718255,5.04895297969e-27,
5,0.7,0.9,59.0210991032,63.9061343814,80.4170718255,5.04895297969e-27,74.2144843907,
5,0.7,0.95,48.3758932273,64.9585966341,
5,0.7,0.95,48.3758932273,64.9585966341,80.1290636144,
5,0.7,0.95,48.3758932273,64.9585966341,80.1290636144,46.3113583153,
5,0.7,0.95,48.3758932273,64.9585966341,80.1290636144,46.3113583153,73.1671156684,
5,0.75,0.7,76.5896529101,64.7618743494,
5,0.75,0.7,76.5896529101,64.7618743494,9.95443535193,
5,0.75,0.7,76.5896529101,64.7618743494,9.95443535193,0.0,
5,0.75,0.7,76.5896529101,64.7618743494,9.95443535193,0.0,-1.0,
5,0.75,0.75,75.491018537,40.5055084206,
5,0.75,0.75,75.491018537,40.5055084206,-1.0,
5,0.75,0.75,75.491018537,40.5055084206,-1.0,0.0,
5,0.75,0.75,75.491018537,40.5055084206,-1.0,0.0,-1.0,
5,0.75,0.8,65.9068734107,-1.0,
5,0.75,0.8,65.9068734107,-1.0,-1.0,
5,0.75,0.8,65.9068734107,-1.0,-1.0,0.0,
5,0.75,0.8,65.9068734107,-1.0,-1.0,0.0,77.4729838904,
5,0.75,0.85,65.05472115,63.4230941216,
5,0.75,0.85,65.05472115,63.4230941216,0.113063867623,
5,0.75,0.85,65.05472115,63.4230941216,0.113063867623,1.52021032327e-24,
5,0.75,0.85,65.05472115,63.4230941216,0.113063867623,1.52021032327e-24,76.880004639,
5,0.75,0.9,67.5899299458,63.8408492419,
5,0.75,0.9,67.5899299458,63.8408492419,75.6905907253,
5,0.75,0.9,67.5899299458,63.8408492419,75.6905907253,5.04895297969e-27,
5,0.75,0.9,67.5899299458,63.8408492419,75.6905907253,5.04895297969e-27,72.7051990044,
5,0.75,0.95,48.3758932273,64.9585966341,
5,0.75,0.95,48.3758932273,64.9585966341,80.1290636144,
5,0.75,0.95,48.3758932273,64.9585966341,80.1290636144,46.3113583153,
5,0.75,0.95,48.3758932273,64.9585966341,80.1290636144,46.3113583153,73.1671156684,
5,0.8,0.7,76.5896529101,64.7618743494,
5,0.8,0.7,76.5896529101,64.7618743494,9.95443535193,
5,0.8,0.7,76.5896529101,64.7618743494,9.95443535193,0.0,
5,0.8,0.7,76.5896529101,64.7618743494,9.95443535193,0.0,-1.0,
5,0.8,0.75,75.491018537,40.5055084206,
5,0.8,0.75,75.491018537,40.5055084206,-1.0,
5,0.8,0.75,75.491018537,40.5055084206,-1.0,0.0,
5,0.8,0.75,75.491018537,40.5055084206,-1.0,0.0,-1.0,
5,0.8,0.8,66.5963106513,0.0,
5,0.8,0.8,66.5963106513,0.0,-1.0,
5,0.8,0.8,66.5963106513,0.0,-1.0,0.0,
5,0.8,0.8,66.5963106513,0.0,-1.0,0.0,76.9122579002,
5,0.8,0.85,65.05472115,63.4230941216,
5,0.8,0.85,65.05472115,63.4230941216,0.113063867623,
5,0.8,0.85,65.05472115,63.4230941216,0.113063867623,1.52021032327e-24,
5,0.8,0.85,65.05472115,63.4230941216,0.113063867623,1.52021032327e-24,76.880004639,
5,0.8,0.9,67.5899299458,63.8408492419,
5,0.8,0.9,67.5899299458,63.8408492419,75.6905907253,
5,0.8,0.9,67.5899299458,63.8408492419,75.6905907253,5.04895297969e-27,
5,0.8,0.9,67.5899299458,63.8408492419,75.6905907253,5.04895297969e-27,72.7051990044,
5,0.8,0.95,48.3758932273,64.9585966341,
5,0.8,0.95,48.3758932273,64.9585966341,80.1290636144,
5,0.8,0.95,48.3758932273,64.9585966341,80.1290636144,46.3113583153,
5,0.8,0.95,48.3758932273,64.9585966341,80.1290636144,46.3113583153,73.1671156684,
5,0.85,0.7,76.5896529101,64.7618743494,
5,0.85,0.7,76.5896529101,64.7618743494,9.95443535193,
5,0.85,0.7,76.5896529101,64.7618743494,9.95443535193,0.0,
5,0.85,0.7,76.5896529101,64.7618743494,9.95443535193,0.0,-1.0,
5,0.85,0.75,75.491018537,40.5055084206,
5,0.85,0.75,75.491018537,40.5055084206,-1.0,
5,0.85,0.75,75.491018537,40.5055084206,-1.0,0.0,
5,0.85,0.75,75.491018537,40.5055084206,-1.0,0.0,-1.0,
5,0.85,0.8,66.5963106513,0.0,
5,0.85,0.8,66.5963106513,0.0,-1.0,
5,0.85,0.8,66.5963106513,0.0,-1.0,0.0,
5,0.85,0.8,66.5963106513,0.0,-1.0,0.0,76.9122579002,
5,0.85,0.85,65.05472115,63.4230941216,
5,0.85,0.85,65.05472115,63.4230941216,0.113063867623,
5,0.85,0.85,65.05472115,63.4230941216,0.113063867623,1.52021032327e-24,
5,0.85,0.85,65.05472115,63.4230941216,0.113063867623,1.52021032327e-24,76.880004639,
5,0.85,0.9,63.1959329036,64.6737797043,
5,0.85,0.9,63.1959329036,64.6737797043,78.981303644,
5,0.85,0.9,63.1959329036,64.6737797043,78.981303644,5.04895297969e-27,
5,0.85,0.9,63.1959329036,64.6737797043,78.981303644,5.04895297969e-27,74.0944005708,
5,0.85,0.95,59.062947057,64.5402305063,
5,0.85,0.95,59.062947057,64.5402305063,80.5283406945,
5,0.85,0.95,59.062947057,64.5402305063,80.5283406945,5.04895297969e-27,
5,0.85,0.95,59.062947057,64.5402305063,80.5283406945,5.04895297969e-27,73.8992547527,
5,0.9,0.7,77.3659718072,63.7381468051,
5,0.9,0.7,77.3659718072,63.7381468051,0.671790636219,
5,0.9,0.7,77.3659718072,63.7381468051,0.671790636219,29.1320654024,
5,0.9,0.7,77.3659718072,63.7381468051,0.671790636219,29.1320654024,0.0,
5,0.9,0.75,75.491018537,40.5055084206,
5,0.9,0.75,75.491018537,40.5055084206,-1.0,
5,0.9,0.75,75.491018537,40.5055084206,-1.0,0.0,
5,0.9,0.75,75.491018537,40.5055084206,-1.0,0.0,-1.0,
5,0.9,0.8,75.3888765136,0.0,
5,0.9,0.8,75.3888765136,0.0,-1.0,
5,0.9,0.8,75.3888765136,0.0,-1.0,-1.0,
5,0.9,0.8,75.3888765136,0.0,-1.0,-1.0,-1.0,
5,0.9,0.85,0.100998487267,65.2114336002,
5,0.9,0.85,0.100998487267,65.2114336002,0.090513733358,
5,0.9,0.85,0.100998487267,65.2114336002,0.090513733358,1.52021032327e-24,
5,0.9,0.85,0.100998487267,65.2114336002,0.090513733358,1.52021032327e-24,77.9055589446,
5,0.9,0.9,67.9146682653,64.2697759563,
5,0.9,0.9,67.9146682653,64.2697759563,78.4820164765,
5,0.9,0.9,67.9146682653,64.2697759563,78.4820164765,5.04895297969e-27,
5,0.9,0.9,67.9146682653,64.2697759563,78.4820164765,5.04895297969e-27,71.1427502765,
5,0.9,0.95,59.062947057,64.5402305063,
5,0.9,0.95,59.062947057,64.5402305063,80.5283406945,
5,0.9,0.95,59.062947057,64.5402305063,80.5283406945,5.04895297969e-27,
5,0.9,0.95,59.062947057,64.5402305063,80.5283406945,5.04895297969e-27,73.8992547527,
5,0.95,0.7,77.3659718072,63.7381468051,
5,0.95,0.7,77.3659718072,63.7381468051,0.671790636219,
5,0.95,0.7,77.3659718072,63.7381468051,0.671790636219,29.1320654024,
5,0.95,0.7,77.3659718072,63.7381468051,0.671790636219,29.1320654024,0.0,
5,0.95,0.75,77.7907249253,62.7101353632,
5,0.95,0.75,77.7907249253,62.7101353632,-1.0,
5,0.95,0.75,77.7907249253,62.7101353632,-1.0,0.0,
5,0.95,0.75,77.7907249253,62.7101353632,-1.0,0.0,-1.0,
5,0.95,0.8,75.3906876861,0.0,
5,0.95,0.8,75.3906876861,0.0,-1.0,
5,0.95,0.8,75.3906876861,0.0,-1.0,-1.0,
5,0.95,0.8,75.3906876861,0.0,-1.0,-1.0,-1.0,
5,0.95,0.85,65.0604551114,0.00835465614934,
5,0.95,0.85,65.0604551114,0.00835465614934,0.0,
5,0.95,0.85,65.0604551114,0.00835465614934,0.0,-1.0,
5,0.95,0.85,65.0604551114,0.00835465614934,0.0,-1.0,76.9465098977,
5,0.95,0.9,72.9189105196,61.5924941121,
5,0.95,0.9,72.9189105196,61.5924941121,75.3482748488,
5,0.95,0.9,72.9189105196,61.5924941121,75.3482748488,5.04895297969e-27,
5,0.95,0.9,72.9189105196,61.5924941121,75.3482748488,5.04895297969e-27,72.5281661728,
5,0.95,0.95,69.0300220054,67.3493589218,
5,0.95,0.95,69.0300220054,67.3493589218,78.7058431987,
5,0.95,0.95,69.0300220054,67.3493589218,78.7058431987,5.04895297969e-27,
5,0.95,0.95,69.0300220054,67.3493589218,78.7058431987,5.04895297969e-27,67.597139555,
6,0.4,0.65,78.6287438655,46.8048986141,
6,0.4,0.65,78.6287438655,46.8048986141,61.1393348609,
6,0.4,0.65,78.6287438655,46.8048986141,61.1393348609,0.0,
6,0.4,0.65,78.6287438655,46.8048986141,61.1393348609,0.0,-1.0,
6,0.4,0.65,78.6287438655,46.8048986141,61.1393348609,0.0,-1.0,-1.0,
6,0.4,0.7,76.9227414034,64.2941618338,
6,0.4,0.7,76.9227414034,64.2941618338,0.780615638987,
6,0.4,0.7,76.9227414034,64.2941618338,0.780615638987,-1.0,
6,0.4,0.7,76.9227414034,64.2941618338,0.780615638987,-1.0,0.0,
6,0.4,0.7,76.9227414034,64.2941618338,0.780615638987,-1.0,0.0,-1.0,
6,0.4,0.75,67.1221675181,0.211053760667,
6,0.4,0.75,67.1221675181,0.211053760667,-1.0,
6,0.4,0.75,67.1221675181,0.211053760667,-1.0,0.0,
6,0.4,0.75,67.1221675181,0.211053760667,-1.0,0.0,76.8456484449,
6,0.4,0.75,67.1221675181,0.211053760667,-1.0,0.0,76.8456484449,1.12200164214,
6,0.4,0.8,73.310357189,61.1210466659,
6,0.4,0.8,73.310357189,61.1210466659,0.226912900992,
6,0.4,0.8,73.310357189,61.1210466659,0.226912900992,1.52021032327e-24,
6,0.4,0.8,73.310357189,61.1210466659,0.226912900992,1.52021032327e-24,75.9626555075,
6,0.4,0.8,73.310357189,61.1210466659,0.226912900992,1.52021032327e-24,75.9626555075,1.12200164214,
6,0.4,0.85,72.8084539722,61.5775851008,
6,0.4,0.85,72.8084539722,61.5775851008,75.4255647987,
6,0.4,0.85,72.8084539722,61.5775851008,75.4255647987,5.04895297969e-27,
6,0.4,0.85,72.8084539722,61.5775851008,75.4255647987,5.04895297969e-27,72.6572091715,
6,0.4,0.85,72.8084539722,61.5775851008,75.4255647987,5.04895297969e-27,72.6572091715,1.12200164214,
6,0.4,0.9,68.9317069432,62.7034829859,
6,0.4,0.9,68.9317069432,62.7034829859,74.5672442691,
6,0.4,0.9,68.9317069432,62.7034829859,74.5672442691,5.04895297969e-27,
6,0.4,0.9,68.9317069432,62.7034829859,74.5672442691,5.04895297969e-27,66.2589918063,
6,0.4,0.9,68.9317069432,62.7034829859,74.5672442691,5.04895297969e-27,66.2589918063,72.0406005443,
6,0.4,0.95,69.1169028487,61.9423020766,
6,0.4,0.95,69.1169028487,61.9423020766,74.2767976374,
6,0.4,0.95,69.1169028487,61.9423020766,74.2767976374,46.3113583153,
6,0.4,0.95,69.1169028487,61.9423020766,74.2767976374,46.3113583153,66.3945944882,
6,0.4,0.95,69.1169028487,61.9423020766,74.2767976374,46.3113583153,66.3945944882,71.8900692811,
6,0.45,0.65,77.3659718072,63.7381468051,
6,0.45,0.65,77.3659718072,63.7381468051,0.671790636219,
6,0.45,0.65,77.3659718072,63.7381468051,0.671790636219,16.3867867888,
6,0.45,0.65,77.3659718072,63.7381468051,0.671790636219,16.3867867888,0.0,
6,0.45,0.65,77.3659718072,63.7381468051,0.671790636219,16.3867867888,0.0,-1.0,
6,0.45,0.7,75.491018537,40.5055084206,
6,0.45,0.7,75.491018537,40.5055084206,-1.0,
6,0.45,0.7,75.491018537,40.5055084206,-1.0,0.0,
6,0.45,0.7,75.491018537,40.5055084206,-1.0,0.0,-1.0,
6,0.45,0.7,75.491018537,40.5055084206,-1.0,0.0,-1.0,-1.0,
6,0.45,0.75,65.8475164873,-1.0,
6,0.45,0.75,65.8475164873,-1.0,0.0,
6,0.45,0.75,65.8475164873,-1.0,0.0,-1.0,
6,0.45,0.75,65.8475164873,-1.0,0.0,-1.0,77.9029162119,
6,0.45,0.75,65.8475164873,-1.0,0.0,-1.0,77.9029162119,1.12200164214,
6,0.45,0.8,65.4300370588,63.2580662925,
6,0.45,0.8,65.4300370588,63.2580662925,0.0740940084873,
6,0.45,0.8,65.4300370588,63.2580662925,0.0740940084873,1.52021032327e-24,
6,0.45,0.8,65.4300370588,63.2580662925,0.0740940084873,1.52021032327e-24,76.8432326963,
6,0.45,0.8,65.4300370588,63.2580662925,0.0740940084873,1.52021032327e-24,76.8432326963,1.12200164214,
6,0.45,0.85,72.8084539722,61.5775851008,
6,0.45,0.85,72.8084539722,61.5775851008,75.4255647987,
6,0.45,0.85,72.8084539722,61.5775851008,75.4255647987,5.04895297969e-27,
6,0.45,0.85,72.8084539722,61.5775851008,75.4255647987,5.04895297969e-27,72.6572091715,
6,0.45,0.85,72.8084539722,61.5775851008,75.4255647987,5.04895297969e-27,72.6572091715,1.12200164214,
6,0.45,0.9,33.6366924942,62.7132417106,
6,0.45,0.9,33.6366924942,62.7132417106,75.7048717575,
6,0.45,0.9,33.6366924942,62.7132417106,75.7048717575,5.04895297969e-27,
6,0.45,0.9,33.6366924942,62.7132417106,75.7048717575,5.04895297969e-27,72.555437681,
6,0.45,0.9,33.6366924942,62.7132417106,75.7048717575,5.04895297969e-27,72.555437681,72.0485051288,
6,0.45,0.95,64.1643786882,62.4526613826,
6,0.45,0.95,64.1643786882,62.4526613826,73.5659430108,
6,0.45,0.95,64.1643786882,62.4526613826,73.5659430108,46.3113583153,
6,0.45,0.95,64.1643786882,62.4526613826,73.5659430108,46.3113583153,71.8910064775,
6,0.45,0.95,64.1643786882,62.4526613826,73.5659430108,46.3113583153,71.8910064775,71.0842578068,
6,0.5,0.65,77.3659718072,63.7381468051,
6,0.5,0.65,77.3659718072,63.7381468051,0.671790636219,
6,0.5,0.65,77.3659718072,63.7381468051,0.671790636219,16.3867867888,
6,0.5,0.65,77.3659718072,63.7381468051,0.671790636219,16.3867867888,0.0,
6,0.5,0.65,77.3659718072,63.7381468051,0.671790636219,16.3867867888,0.0,-1.0,
2,0.2,0.65,77.2540718779,63.5602747087,
2,0.6,0.9,77.8372974571,66.178795981,
6,0.6,0.9,20.1983773548,62.6871220328,
6,0.6,0.9,20.1983773548,62.6871220328,75.4302281325,
6,0.6,0.9,20.1983773548,62.6871220328,75.4302281325,5.04895297969e-27,
6,0.6,0.9,20.1983773548,62.6871220328,75.4302281325,5.04895297969e-27,73.123754355,
6,0.6,0.9,20.1983773548,62.6871220328,75.4302281325,5.04895297969e-27,73.123754355,70.6528764527,
6,0.9,0.9,67.5899299458,63.6471968566,
6,0.9,0.9,67.5899299458,63.6471968566,75.4041027997,
6,0.9,0.9,67.5899299458,63.6471968566,75.4041027997,5.04895297969e-27,
6,0.9,0.9,67.5899299458,63.6471968566,75.4041027997,5.04895297969e-27,72.7407657598,
6,0.9,0.9,67.5899299458,63.6471968566,75.4041027997,5.04895297969e-27,72.7407657598,7.81904872309,
6,0.9,0.9,67.5899299458,63.6471968566,
6,0.9,0.9,67.5899299458,63.6471968566,75.4041027997,
6,0.9,0.9,67.5899299458,63.6471968566,75.4041027997,5.04895297969e-27,
6,0.9,0.9,67.5899299458,63.6471968566,75.4041027997,5.04895297969e-27,72.7407657598,
6,0.9,0.9,67.5899299458,63.6471968566,75.4041027997,5.04895297969e-27,72.7407657598,7.81904872309,
6,0.9,0.9,67.5899299458,63.6471968566,
6,0.9,0.9,67.5899299458,63.6471968566,75.4041027997,
6,0.9,0.9,67.5899299458,63.6471968566,75.4041027997,5.04895297969e-27,
6,0.9,0.9,67.5899299458,63.6471968566,75.4041027997,5.04895297969e-27,72.7407657598,
6,0.9,0.9,67.5899299458,63.6471968566,75.4041027997,5.04895297969e-27,72.7407657598,7.81904872309,
6,0.9,0.9,67.5899299458,63.6471968566,
6,0.9,0.9,67.5899299458,63.6471968566,75.4041027997,
6,0.9,0.9,67.5899299458,63.6471968566,75.4041027997,5.04895297969e-27,
6,0.9,0.9,67.5899299458,63.6471968566,75.4041027997,5.04895297969e-27,72.7407657598,
6,0.9,0.9,67.5899299458,63.6471968566,75.4041027997,5.04895297969e-27,72.7407657598,7.81904872309,
6,0.9,0.95,48.3827426279,63.0063271758,
6,0.9,0.95,48.3827426279,63.0063271758,74.9227969164,
6,0.9,0.95,48.3827426279,63.0063271758,74.9227969164,46.3113583153,
6,0.9,0.95,48.3827426279,63.0063271758,74.9227969164,46.3113583153,71.8928289656,
6,0.9,0.95,48.3827426279,63.0063271758,74.9227969164,46.3113583153,71.8928289656,69.8611441733,
6,0.9,0.9,67.5899299458,63.6471968566,
6,0.9,0.9,67.5899299458,63.6471968566,75.4041027997,
6,0.9,0.9,67.5899299458,63.6471968566,75.4041027997,5.04895297969e-27,
6,0.9,0.9,67.5899299458,63.6471968566,75.4041027997,5.04895297969e-27,72.7407657598,
6,0.9,0.9,67.5899299458,63.6471968566,75.4041027997,5.04895297969e-27,72.7407657598,7.81904872309,
6,0.6,0.9,20.1983773548,62.6871220328,
6,0.6,0.9,20.1983773548,62.6871220328,75.4302281325,
6,0.6,0.9,20.1983773548,62.6871220328,75.4302281325,5.04895297969e-27,
6,0.6,0.9,20.1983773548,62.6871220328,75.4302281325,5.04895297969e-27,73.123754355,
6,0.6,0.9,20.1983773548,62.6871220328,75.4302281325,5.04895297969e-27,73.123754355,70.6528764527,
6,0.55,0.9,20.1983773548,62.6871220328,
6,0.55,0.9,20.1983773548,62.6871220328,75.4302281325,
6,0.55,0.9,20.1983773548,62.6871220328,75.4302281325,5.04895297969e-27,
6,0.55,0.9,20.1983773548,62.6871220328,75.4302281325,5.04895297969e-27,73.123754355,
6,0.55,0.9,20.1983773548,62.6871220328,75.4302281325,5.04895297969e-27,73.123754355,70.6528764527,
6,0.5,0.9,20.1983773548,62.6871220328,
6,0.5,0.9,20.1983773548,62.6871220328,75.4302281325,
6,0.5,0.9,20.1983773548,62.6871220328,75.4302281325,5.04895297969e-27,
6,0.5,0.9,20.1983773548,62.6871220328,75.4302281325,5.04895297969e-27,73.123754355,
6,0.5,0.9,20.1983773548,62.6871220328,75.4302281325,5.04895297969e-27,73.123754355,70.6528764527,
6,0.6,0.9,20.1983773548,62.6871220328,
6,0.6,0.9,20.1983773548,62.6871220328,75.4302281325,
6,0.6,0.9,20.1983773548,62.6871220328,75.4302281325,5.04895297969e-27,
6,0.6,0.9,20.1983773548,62.6871220328,75.4302281325,5.04895297969e-27,73.123754355,
6,0.6,0.9,20.1983773548,62.6871220328,75.4302281325,5.04895297969e-27,73.123754355,70.6528764527,
6,0.95,0.9,67.5899299458,63.6471968566,
6,0.95,0.9,67.5899299458,63.6471968566,75.4041027997,
6,0.95,0.9,67.5899299458,63.6471968566,75.4041027997,5.04895297969e-27,
6,0.95,0.9,67.5899299458,63.6471968566,75.4041027997,5.04895297969e-27,72.7407657598,
6,0.95,0.9,67.5899299458,63.6471968566,75.4041027997,5.04895297969e-27,72.7407657598,7.81904872309,
6,0.95,0.95,48.3827426279,63.0063271758,
6,0.95,0.95,48.3827426279,63.0063271758,74.9227969164,
6,0.95,0.95,48.3827426279,63.0063271758,74.9227969164,46.3113583153,
6,0.95,0.95,48.3827426279,63.0063271758,74.9227969164,46.3113583153,71.8928289656,
6,0.95,0.95,48.3827426279,63.0063271758,74.9227969164,46.3113583153,71.8928289656,69.8611441733,
6,0.95,0.9,67.5899299458,63.6471968566,
6,0.95,0.9,67.5899299458,63.6471968566,75.4041027997,
6,0.95,0.9,67.5899299458,63.6471968566,75.4041027997,5.04895297969e-27,
6,0.95,0.9,67.5899299458,63.6471968566,75.4041027997,5.04895297969e-27,72.7407657598,
6,0.95,0.9,67.5899299458,63.6471968566,75.4041027997,5.04895297969e-27,72.7407657598,7.81904872309,
6,0.45,0.9,33.6366924942,62.7132417106,
6,0.45,0.9,33.6366924942,62.7132417106,75.7048717575,
6,0.45,0.9,33.6366924942,62.7132417106,75.7048717575,5.04895297969e-27,
6,0.45,0.9,33.6366924942,62.7132417106,75.7048717575,5.04895297969e-27,72.555437681,
6,0.45,0.9,33.6366924942,62.7132417106,75.7048717575,5.04895297969e-27,72.555437681,72.0485051288,
6,0.9,0.9,67.5899299458,63.6471968566,
6,0.9,0.9,67.5899299458,63.6471968566,75.4041027997,
6,0.9,0.9,67.5899299458,63.6471968566,75.4041027997,5.04895297969e-27,
6,0.9,0.9,67.5899299458,63.6471968566,75.4041027997,5.04895297969e-27,72.7407657598,
6,0.9,0.9,67.5899299458,63.6471968566,75.4041027997,5.04895297969e-27,72.7407657598,7.81904872309,
6,0.9,0.95,48.3827426279,63.0063271758,
6,0.9,0.95,48.3827426279,63.0063271758,74.9227969164,
6,0.9,0.95,48.3827426279,63.0063271758,74.9227969164,46.3113583153,
6,0.9,0.95,48.3827426279,63.0063271758,74.9227969164,46.3113583153,71.8928289656,
6,0.9,0.95,48.3827426279,63.0063271758,74.9227969164,46.3113583153,71.8928289656,69.8611441733,
6,0.9,0.9,67.5899299458,63.6471968566,
6,0.9,0.9,67.5899299458,63.6471968566,75.4041027997,
6,0.9,0.9,67.5899299458,63.6471968566,75.4041027997,5.04895297969e-27,
6,0.9,0.9,67.5899299458,63.6471968566,75.4041027997,5.04895297969e-27,72.7407657598,
6,0.9,0.9,67.5899299458,63.6471968566,75.4041027997,5.04895297969e-27,72.7407657598,7.81904872309,
6,0.65,0.8,64.3307301387,0.148809708005,
6,0.65,0.8,64.3307301387,0.148809708005,-1.0,
6,0.65,0.8,64.3307301387,0.148809708005,-1.0,0.0,
6,0.65,0.8,64.3307301387,0.148809708005,-1.0,0.0,77.4036817611,
6,0.65,0.8,64.3307301387,0.148809708005,-1.0,0.0,77.4036817611,1.12200164214,
6,0.55,0.9,20.1983773548,62.6871220328,
6,0.55,0.9,20.1983773548,62.6871220328,75.4302281325,
6,0.55,0.9,20.1983773548,62.6871220328,75.4302281325,5.04895297969e-27,
6,0.55,0.9,20.1983773548,62.6871220328,75.4302281325,5.04895297969e-27,73.123754355,
6,0.55,0.9,20.1983773548,62.6871220328,75.4302281325,5.04895297969e-27,73.123754355,70.6528764527,
6,0.45,0.9,33.6366924942,62.7132417106,
6,0.45,0.9,33.6366924942,62.7132417106,75.7048717575,
6,0.45,0.9,33.6366924942,62.7132417106,75.7048717575,5.04895297969e-27,
6,0.45,0.9,33.6366924942,62.7132417106,75.7048717575,5.04895297969e-27,72.555437681,
6,0.45,0.9,33.6366924942,62.7132417106,75.7048717575,5.04895297969e-27,72.555437681,72.0485051288,
6,0.85,0.9,58.2957506668,62.2133955256,
6,0.85,0.9,58.2957506668,62.2133955256,75.409316907,
6,0.85,0.9,58.2957506668,62.2133955256,75.409316907,5.04895297969e-27,
6,0.85,0.9,58.2957506668,62.2133955256,75.409316907,5.04895297969e-27,73.0969020343,
6,0.85,0.9,58.2957506668,62.2133955256,75.409316907,5.04895297969e-27,73.0969020343,70.546094792,
6,0.9,0.9,67.5899299458,63.6471968566,
6,0.9,0.9,67.5899299458,63.6471968566,75.4041027997,
6,0.9,0.9,67.5899299458,63.6471968566,75.4041027997,5.04895297969e-27,
6,0.9,0.9,67.5899299458,63.6471968566,75.4041027997,5.04895297969e-27,72.7407657598,
6,0.9,0.9,67.5899299458,63.6471968566,75.4041027997,5.04895297969e-27,72.7407657598,7.81904872309,
6,0.9,0.9,67.5899299458,63.6471968566,
6,0.9,0.9,67.5899299458,63.6471968566,75.4041027997,
6,0.9,0.9,67.5899299458,63.6471968566,75.4041027997,5.04895297969e-27,
6,0.9,0.9,67.5899299458,63.6471968566,75.4041027997,5.04895297969e-27,72.7407657598,
6,0.9,0.9,67.5899299458,63.6471968566,75.4041027997,5.04895297969e-27,72.7407657598,7.81904872309,
6,0.9,0.9,67.5899299458,63.6471968566,
6,0.9,0.9,67.5899299458,63.6471968566,75.4041027997,
6,0.9,0.9,67.5899299458,63.6471968566,75.4041027997,5.04895297969e-27,
6,0.9,0.9,67.5899299458,63.6471968566,75.4041027997,5.04895297969e-27,72.7407657598,
6,0.9,0.9,67.5899299458,63.6471968566,75.4041027997,5.04895297969e-27,72.7407657598,7.81904872309,
6,0.9,0.9,67.5899299458,63.6471968566,
6,0.9,0.9,67.5899299458,63.6471968566,75.4041027997,
6,0.9,0.9,67.5899299458,63.6471968566,75.4041027997,5.04895297969e-27,
6,0.9,0.9,67.5899299458,63.6471968566,75.4041027997,5.04895297969e-27,72.7407657598,
6,0.9,0.9,67.5899299458,63.6471968566,75.4041027997,5.04895297969e-27,72.7407657598,7.81904872309,
6,0.65,0.8,64.3307301387,0.148809708005,
6,0.65,0.8,64.3307301387,0.148809708005,-1.0,
6,0.65,0.8,64.3307301387,0.148809708005,-1.0,0.0,
6,0.65,0.8,64.3307301387,0.148809708005,-1.0,0.0,77.4036817611,
6,0.65,0.8,64.3307301387,0.148809708005,-1.0,0.0,77.4036817611,1.12200164214,
6,0.9,0.9,64.3307301387,0.148809708005,
6,0.9,0.9,64.3307301387,0.148809708005,-1.0,
6,0.9,0.9,64.3307301387,0.148809708005,-1.0,0.0,
6,0.9,0.9,64.3307301387,0.148809708005,-1.0,0.0,77.4036817611,
6,0.9,0.9,64.3307301387,0.148809708005,-1.0,0.0,77.4036817611,1.12200164214,
6,0.9,0.9,64.3307301387,0.148809708005,
6,0.9,0.9,64.3307301387,0.148809708005,-1.0,
6,0.9,0.9,64.3307301387,0.148809708005,-1.0,0.0,
6,0.9,0.9,64.3307301387,0.148809708005,-1.0,0.0,77.4036817611,
6,0.9,0.9,64.3307301387,0.148809708005,-1.0,0.0,77.4036817611,1.12200164214,
6,0.55,0.8,0.112870962505,65.1533130249,
6,0.55,0.8,0.112870962505,65.1533130249,0.100850178218,
6,0.55,0.8,0.112870962505,65.1533130249,0.100850178218,1.52021032327e-24,
6,0.55,0.8,0.112870962505,65.1533130249,0.100850178218,1.52021032327e-24,77.996143456,
6,0.55,0.8,0.112870962505,65.1533130249,0.100850178218,1.52021032327e-24,77.996143456,1.12200164214,
6,0.9,0.9,0.112870962505,65.1533130249,
6,0.9,0.9,0.112870962505,65.1533130249,0.100850178218,
6,0.9,0.9,0.112870962505,65.1533130249,0.100850178218,1.52021032327e-24,
6,0.9,0.9,0.112870962505,65.1533130249,0.100850178218,1.52021032327e-24,77.996143456,
6,0.9,0.9,0.112870962505,65.1533130249,0.100850178218,1.52021032327e-24,77.996143456,1.12200164214,
6,0.9,0.9,0.112870962505,65.1533130249,
6,0.9,0.9,0.112870962505,65.1533130249,0.100850178218,
6,0.9,0.9,0.112870962505,65.1533130249,0.100850178218,1.52021032327e-24,
6,0.9,0.9,0.112870962505,65.1533130249,0.100850178218,1.52021032327e-24,77.996143456,
6,0.9,0.9,0.112870962505,65.1533130249,0.100850178218,1.52021032327e-24,77.996143456,1.12200164214,
6,0.6,0.8,0.112870962505,65.1533130249,
6,0.6,0.8,0.112870962505,65.1533130249,0.100850178218,
6,0.6,0.8,0.112870962505,65.1533130249,0.100850178218,1.52021032327e-24,
6,0.6,0.8,0.112870962505,65.1533130249,0.100850178218,1.52021032327e-24,77.996143456,
6,0.6,0.8,0.112870962505,65.1533130249,0.100850178218,1.52021032327e-24,77.996143456,1.12200164214,
6,0.9,0.9,0.112870962505,65.1533130249,
6,0.9,0.9,0.112870962505,65.1533130249,0.100850178218,
6,0.9,0.9,0.112870962505,65.1533130249,0.100850178218,1.52021032327e-24,
6,0.9,0.9,0.112870962505,65.1533130249,0.100850178218,1.52021032327e-24,77.996143456,
6,0.9,0.9,0.112870962505,65.1533130249,0.100850178218,1.52021032327e-24,77.996143456,1.12200164214,
6,0.9,0.9,0.112870962505,65.1533130249,
6,0.9,0.9,0.112870962505,65.1533130249,0.100850178218,
6,0.9,0.9,0.112870962505,65.1533130249,0.100850178218,1.52021032327e-24,
6,0.9,0.9,0.112870962505,65.1533130249,0.100850178218,1.52021032327e-24,77.996143456,
6,0.9,0.9,0.112870962505,65.1533130249,0.100850178218,1.52021032327e-24,77.996143456,1.12200164214,
6,0.7,0.75,75.4525340633,2.47903371781,
6,0.7,0.75,75.4525340633,2.47903371781,0.0,
6,0.7,0.75,75.4525340633,2.47903371781,0.0,-1.0,
6,0.7,0.75,75.4525340633,2.47903371781,0.0,-1.0,-1.0,
6,0.7,0.75,75.4525340633,2.47903371781,0.0,-1.0,-1.0,-1.0,
6,0.9,0.9,75.4525340633,2.47903371781,
6,0.9,0.9,75.4525340633,2.47903371781,0.0,
6,0.9,0.9,75.4525340633,2.47903371781,0.0,-1.0,
6,0.9,0.9,75.4525340633,2.47903371781,0.0,-1.0,-1.0,
6,0.9,0.9,75.4525340633,2.47903371781,0.0,-1.0,-1.0,-1.0,
6,0.9,0.9,75.4525340633,2.47903371781,
6,0.9,0.9,75.4525340633,2.47903371781,0.0,
6,0.9,0.9,75.4525340633,2.47903371781,0.0,-1.0,
6,0.9,0.9,75.4525340633,2.47903371781,0.0,-1.0,-1.0,
6,0.9,0.9,75.4525340633,2.47903371781,0.0,-1.0,-1.0,-1.0,
6,0.75,0.75,75.4456527445,0.178574142603,
6,0.75,0.75,75.4456527445,0.178574142603,0.0,
6,0.75,0.75,75.4456527445,0.178574142603,0.0,-1.0,
6,0.75,0.75,75.4456527445,0.178574142603,0.0,-1.0,-1.0,
6,0.75,0.75,75.4456527445,0.178574142603,0.0,-1.0,-1.0,-1.0,
6,0.9,0.9,75.4456527445,0.178574142603,
6,0.9,0.9,75.4456527445,0.178574142603,0.0,
6,0.9,0.9,75.4456527445,0.178574142603,0.0,-1.0,
6,0.9,0.9,75.4456527445,0.178574142603,0.0,-1.0,-1.0,
6,0.9,0.9,75.4456527445,0.178574142603,0.0,-1.0,-1.0,-1.0,
6,0.9,0.9,75.4456527445,0.178574142603,
6,0.9,0.9,75.4456527445,0.178574142603,0.0,
6,0.9,0.9,75.4456527445,0.178574142603,0.0,-1.0,
6,0.9,0.9,75.4456527445,0.178574142603,0.0,-1.0,-1.0,
6,0.9,0.9,75.4456527445,0.178574142603,0.0,-1.0,-1.0,-1.0,
6,0.9,0.9,67.5899299458,63.6471968566,
6,0.9,0.9,67.5899299458,63.6471968566,75.4041027997,
6,0.9,0.9,67.5899299458,63.6471968566,75.4041027997,5.04895297969e-27,
6,0.9,0.9,67.5899299458,63.6471968566,75.4041027997,5.04895297969e-27,72.7407657598,
6,0.9,0.9,67.5899299458,63.6471968566,75.4041027997,5.04895297969e-27,72.7407657598,7.81904872309,
6,0.9,0.9,67.5899299458,63.6471968566,
6,0.9,0.9,67.5899299458,63.6471968566,75.4041027997,
6,0.9,0.9,67.5899299458,63.6471968566,75.4041027997,5.04895297969e-27,
6,0.9,0.9,67.5899299458,63.6471968566,75.4041027997,5.04895297969e-27,72.7407657598,
6,0.9,0.9,67.5899299458,63.6471968566,75.4041027997,5.04895297969e-27,72.7407657598,7.81904872309,
6,0.9,0.9,67.5899299458,63.6471968566,
6,0.9,0.9,67.5899299458,63.6471968566,75.4041027997,
6,0.9,0.9,67.5899299458,63.6471968566,75.4041027997,5.04895297969e-27,
6,0.9,0.9,67.5899299458,63.6471968566,75.4041027997,5.04895297969e-27,72.7407657598,
6,0.9,0.9,67.5899299458,63.6471968566,75.4041027997,5.04895297969e-27,72.7407657598,7.81904872309,
6,0.9,0.9,67.5899299458,63.6471968566,
6,0.9,0.9,67.5899299458,63.6471968566,75.4041027997,
6,0.9,0.9,67.5899299458,63.6471968566,75.4041027997,5.04895297969e-27,
6,0.9,0.9,67.5899299458,63.6471968566,75.4041027997,5.04895297969e-27,72.7407657598,
6,0.9,0.9,67.5899299458,63.6471968566,75.4041027997,5.04895297969e-27,72.7407657598,7.81904872309,
6,0.9,0.9,67.5899299458,63.6471968566,
6,0.9,0.9,67.5899299458,63.6471968566,75.4041027997,
6,0.9,0.9,67.5899299458,63.6471968566,75.4041027997,5.04895297969e-27,
6,0.9,0.9,67.5899299458,63.6471968566,75.4041027997,5.04895297969e-27,72.7407657598,
6,0.9,0.9,67.5899299458,63.6471968566,75.4041027997,5.04895297969e-27,72.7407657598,7.81904872309,
6,0.9,0.9,67.5899299458,63.6471968566,
6,0.9,0.9,67.5899299458,63.6471968566,75.4041027997,
6,0.9,0.9,67.5899299458,63.6471968566,75.4041027997,5.04895297969e-27,
6,0.9,0.9,67.5899299458,63.6471968566,75.4041027997,5.04895297969e-27,72.7407657598,
6,0.9,0.9,67.5899299458,63.6471968566,75.4041027997,5.04895297969e-27,72.7407657598,7.81904872309,
6,0.9,0.9,67.5899299458,63.6471968566,
6,0.9,0.9,67.5899299458,63.6471968566,75.4041027997,
6,0.9,0.9,67.5899299458,63.6471968566,75.4041027997,5.04895297969e-27,
6,0.9,0.9,67.5899299458,63.6471968566,75.4041027997,5.04895297969e-27,72.7407657598,
6,0.9,0.9,67.5899299458,63.6471968566,75.4041027997,5.04895297969e-27,72.7407657598,7.81904872309,
